333 6 0 0 45 310 89 0 63 0 1 1 0 19 0 12 2 0 2 0 0 0 1 0 0 0 0 0 0 0
1337 21 0 46 24 1818 280 0 118 8 19 0 0 3 0 12 5 5 380 54 11 42 37 14 0 0 0 1 0 0
1374 8 0 0 21 844 48 0 41 0 0 0 1 3 0 2 0 0 2 1 2 0 12 1 0 0 0 0 0 0
236 13 0 0 0 3 0 0 1 0 0 0 0 1 0 0 0 0 0 0 0 0 0 0 0 0 0 0 0 0
598 9 0 0 0 35 108 0 50 0 0 0 0 3 0 0 0 0 0 0 0 0 0 0 0 0 0 0 0 0
2146 10 0 27 12 2002 403 0 236 17 14 1 0 13 0 216 5 5 1508 75 6 167 26 7 1 0 1 4 1 9
2076 13 0 0 21 904 45 0 205 2 16 0 0 12 0 0 1 1 166 49 27 78 64 1 0 0 0 0 0 0
1414 7 0 0 9 5727 262 0 177 4 11 0 0 14 0 178 14 2 367 74 26 274 56 5 0 0 0 0 0 0
2273 11 0 0 36 1241 106 0 88 2 10 0 0 20 0 115 2 4 358 714 9 58 61 8 9 11 1 1 0 1
2132 10 0 11 12 23309 640 0 239 721 3474 2 9 50 0 1496 555 76 820 723 43 149 223 38 0 0 0 0 0 3
514 21 0 0 39 50 21 0 28 2 0 0 0 0 0 0 0 0 3 0 0 22 10 11 0 0 0 0 0 0
179 11 0 0 0 273 44 0 31 0 0 0 10 2 0 11 9 0 61 32 2 18 78 9 0 0 0 1 0 3
1404 12 0 0 39 3202 553 0 249 38 151 0 2 1 0 23 23 0 168 17 2 139 293 4 11 0 0 0 0 8
1152 12 0 0 0 431 13 0 25 0 0 0 0 0 0 38 7 3 58 0 0 82 75 3 0 0 0 0 0 0
53 4 0 0 9 54 30 0 2 0 0 0 0 1 0 5 0 0 1 1 0 0 10 13 0 0 0 0 0 0
2483 9 0 6 12 2086 108 0 27 67 92 0 0 10 0 625 190 1 670 267 3 659 186 5 0 0 0 7 0 8
2248 6 0 0 34 4022 502 0 265 94 435 0 6 29 0 39 53 24 270 216 6 159 547 30 34 8 0 5 0 6
1896 11 0 0 0 127 38 0 39 1 4 0 0 0 0 0 1 0 53 11 0 18 17 10 0 0 0 0 0 0
2182 5 0 9 25 356 118 0 179 11 93 0 0 0 0 87 171 85 556 332 15 60 205 22 0 0 0 0 0 0
1434 9 0 2 30 230 23 0 17 3 15 0 0 3 0 6 0 5 15 0 0 60 2 5 0 0 0 0 0 0
2442 7 0 0 4 1757 18 0 29 1 4 0 16 0 0 11 4 0 745 218 4 375 1264 10 0 0 0 0 0 11
1336 4 0 0 21 2 49 0 0 0 0 0 0 0 0 0 0 0 0 0 0 0 0 0 0 0 0 0 0 0
1645 10 0 0 0 24 1882 0 56 54 5 0 0 0 0 0 0 0 0 0 0 0 0 0 0 0 0 0 0 0
1682 6 0 0 13 521 51 0 47 24 151 0 0 11 0 1 2 0 113 79 4 19 81 20 0 0 0 0 0 0
2378 14 0 18 0 253 126 0 183 5 6 0 0 0 0 41 7 3 599 160 24 405 211 11 0 0 0 3 0 3
2854 29 0 0 27 548 110 0 86 12 53 4 0 1 0 10 25 9 73 43 9 19 98 1 0 0 0 0 0 0
3165 6 0 63 42 1030 46 0 29 1 1 0 0 1 0 697 15 0 804 8 0 152 22 0 0 0 0 0 0 4
2613 7 0 158 18 730 149 0 74 6 10 0 0 9 0 93 31 21 121 38 9 18 39 26 0 0 0 0 0 0
1025 9 0 0 0 0 1 0 0 0 0 0 0 0 0 0 0 0 0 0 0 0 0 0 0 0 0 0 0 0
1412 5 0 0 0 1 1 0 0 0 0 0 0 0 0 0 0 0 0 0 0 1 1 0 0 0 0 0 0 0
1442 6 0 0 0 0 1 0 0 0 0 0 0 0 0 0 0 0 0 0 0 0 0 0 0 0 0 0 0 0
1929 4 0 0 0 0 6 0 0 0 0 0 0 0 0 1 0 0 0 0 0 0 0 0 0 0 0 0 0 0
1473 9 0 0 0 1 2 0 0 0 0 0 0 0 0 0 0 0 0 0 0 0 0 0 0 0 0 0 0 0
2043 9 0 0 0 33 40 0 21 10 3 0 0 0 0 11 0 0 0 0 0 16 2 3 0 0 0 0 0 0
1486 12 0 0 0 2 1 0 7 1 0 0 0 0 0 1 0 0 2 0 0 2 0 0 0 0 0 0 0 0
1920 8 0 0 0 99 34 0 7 0 0 0 0 0 0 1 4 1 77 93 3 30 47 7 0 0 0 0 0 0
1506 5 0 0 0 1 1 0 2 0 0 0 0 0 0 1 3 0 1 0 0 3 4 0 0 0 0 1 0 0
2394 9 0 0 0 31 71 0 74 2 3 0 0 0 0 9 1 2 151 52 0 17 11 3 0 0 0 0 0 0
2110 15 0 0 27 161 12 0 4 0 1 0 0 0 0 8 0 0 69 11 0 120 58 6 0 0 0 0 0 0
2566 12 0 0 0 2 2 0 2 0 0 0 0 0 0 0 1 0 0 0 0 0 0 0 0 0 0 0 0 0
1541 6 0 0 0 0 1 0 0 0 0 0 0 0 0 0 0 0 0 0 0 0 0 0 0 0 0 0 0 0
2394 6 0 0 13 23 15 0 2 0 0 0 0 0 0 22 0 0 373 34 0 45 9 7 0 0 0 0 0 3
2617 6 0 0 0 23 43 0 2 0 0 0 0 0 0 0 0 0 1 0 0 0 0 0 0 0 0 0 0 0
1553 12 0 0 0 0 1 0 0 0 0 0 0 0 0 0 0 0 0 0 0 0 0 0 0 0 0 0 0 0
2132 12 0 0 16 13 7 0 2 1 0 0 0 0 0 4 1 2 3 0 0 0 1 0 0 0 0 0 0 0
2084 4 0 6 42 6488 304 0 74 7 49 0 0 3 0 102 24 38 344 28 25 343 401 63 0 0 0 1 0 3
1463 3 0 0 0 459 137 0 13 9 11 0 0 5 0 1 0 0 7 1 0 15 15 11 0 0 0 0 0 0
2027 8 0 21 18 1766 186 0 64 107 94 0 1 12 0 46 8 5 546 195 2 302 341 58 0 0 0 0 0 2
1641 12 0 33 24 765 89 0 20 35 141 5 73 5 0 76 5 10 343 44 7 319 290 47 12 5 0 0 0 5
225 6 0 0 3 485 215 0 34 1 0 0 15 1 0 0 0 0 2 10 0 18 76 1 0 0 0 0 0 0
2134 9 0 9 0 764 192 0 78 13 28 3 86 9 0 110 5 10 245 84 8 91 79 35 0 0 0 0 0 1
615 12 0 0 0 58 0 0 0 0 0 0 0 0 0 0 0 0 0 0 0 19 0 1 0 0 0 0 0 0
1005 12 0 0 45 306 9 0 12 0 1 0 0 3 0 0 0 0 0 0 0 57 2 2 0 0 0 0 0 0
1229 10 0 0 0 69 26 0 16 5 0 0 0 1 0 0 0 0 37 0 0 34 2 4 0 0 0 0 0 1
44 8 0 0 0 0 1 0 0 0 0 0 0 0 0 0 0 0 0 0 0 0 0 0 0 0 0 0 0 0
1913 15 0 0 0 189 138 0 62 3 6 0 0 0 0 74 4 16 296 71 2 12 72 21 0 0 0 0 0 0
1469 6 0 0 45 20 22 0 13 0 1 0 0 0 0 0 0 0 1 2 0 8 35 1 0 0 0 0 0 0
1541 9 0 21 0 1948 425 0 94 2 24 0 0 3 0 4 0 0 141 19 0 58 51 0 0 0 0 0 0 0
2605 14 0 0 0 342 76 0 163 3 6 0 0 0 0 0 0 6 68 36 0 0 12 0 0 0 0 0 0 0
657 3 0 0 18 31 26 0 7 0 0 0 1 6 0 0 0 0 4 0 0 0 0 0 0 0 0 0 0 0
251 4 0 0 0 1 0 0 0 0 0 0 0 0 0 0 0 0 0 0 0 0 0 0 0 0 0 0 0 0
1255 11 0 0 25 552 54 0 48 14 8 0 7 0 0 9 0 1 268 154 7 47 82 6 0 0 0 0 0 0
1935 4 0 0 15 387 80 0 26 3 3 0 0 2 0 0 0 0 791 81 6 86 12 1 0 0 0 8 0 0
1722 15 0 6 6 733 119 0 101 29 58 2 11 14 0 58 1 17 257 165 2 15 42 0 0 0 0 0 0 1
412 13 0 0 10 21 2 0 0 5 10 0 0 1 0 0 0 0 0 0 0 0 2 0 0 0 0 0 0 0
1914 4 0 0 0 140 56 0 101 29 88 0 0 0 0 51 0 0 1027 106 1 227 80 15 0 0 0 5 0 0
2123 6 0 0 27 1201 164 0 81 3 5 0 0 1 0 40 29 0 476 487 2 547 843 20 0 0 0 2 0 2
2001 9 0 30 30 1270 86 0 88 8 7 0 8 4 0 4 0 4 115 48 3 62 111 85 0 0 0 0 0 1
2032 9 0 0 25 247 143 0 225 8 12 0 0 1 0 0 0 0 0 0 0 0 0 0 0 0 0 0 0 0
1563 6 0 0 24 491 91 0 115 6 1 0 0 1 0 0 0 0 254 1 0 98 3 3 0 0 0 0 0 0
1778 9 0 132 0 91 58 0 44 110 143 0 0 1 0 210 1 0 2179 48 0 93 24 4 0 0 0 0 0 7
1196 6 0 0 12 729 148 0 59 1 14 0 2 5 0 1 0 0 3 1 0 619 369 2 0 0 0 1 0 0
1367 6 0 0 0 1215 136 0 88 0 4 1 4 10 0 1 0 0 69 3 1 23 0 2 0 0 0 0 0 0
3057 6 0 21 0 7266 907 0 239 35 44 9 43 28 0 36 23 10 717 147 11 1716 580 41 0 0 0 1 0 1
2880 9 0 31 24 7011 560 0 216 78 231 2 9 19 0 911 102 54 1089 224 3 546 322 20 0 0 0 0 0 20
2177 4 1 0 0 8 0 0 15 0 0 0 0 1 0 0 0 0 16 0 0 8 61 12 0 0 0 0 0 0
1365 1 0 0 12 2613 44 0 167 26 72 1 43 2 0 163 22 2 260 136 19 14 347 1 0 0 0 0 0 2
734 21 0 0 45 11031 569 0 339 74 66 1 24 10 0 118 281 2 335 1093 9 426 6507 637 1 1 0 0 0 16
1504 5 0 0 45 952 117 0 41 5 12 0 0 1 0 215 0 0 784 49 2 113 10 10 0 0 0 0 0 2
2341 12 0 66 15 10307 1065 0 123 33 51 0 6 39 0 12 3 0 465 97 5 358 256 34 3 1 0 2 0 0
2642 9 0 0 37 921 200 0 27 9 20 0 0 20 0 14 2 0 435 29 0 588 56 11 0 0 0 1 0 0
2068 12 0 0 0 570 57 0 55 3 5 0 0 9 0 257 28 15 454 37 3 30 20 4 0 0 0 0 0 0
1482 6 0 0 7 178 33 0 59 0 0 0 0 3 0 1 0 4 77 34 1 0 6 0 0 0 0 0 0 0
2179 12 0 0 6 75 126 0 109 9 17 0 0 0 0 23 2 0 65 14 0 106 11 0 0 0 0 0 0 3
2169 8 0 0 0 90 1 0 15 0 0 0 0 8 0 0 0 0 0 0 0 171 2 2 0 0 0 0 0 1
1793 3 0 0 15 2028 14 0 5 0 0 0 0 0 0 20 0 0 10 0 0 15 7 3 0 0 0 0 0 0
1803 5 0 39 21 2427 1311 0 341 134 384 1 0 1 0 9 5 1 8 21 0 155 230 12 29 4 0 0 0 0
1818 6 0 0 0 52 28 0 12 0 0 0 0 0 0 0 0 0 0 1 0 7 15 6 0 0 0 0 0 0
1560 5 0 0 0 2 18 0 5 1 0 0 0 1 0 0 0 0 0 0 0 0 1 1 0 0 0 0 0 0
2049 8 0 27 12 69 95 0 22 1 2 0 0 0 0 8 2 6 36 16 0 15 14 11 0 0 0 0 0 0
2322 6 0 0 26 344 132 0 11 0 0 0 0 0 0 78 5 1 140 59 14 197 87 18 0 0 0 0 0 0
2605 6 0 0 0 43 20 0 11 0 0 0 0 0 0 15 0 1 51 1 0 15 2 5 0 0 0 0 0 1
2670 8 0 10 3 217 137 0 23 15 16 0 0 0 0 1 0 5 537 24 2 55 39 25 0 0 0 0 0 1
2677 12 0 0 0 7 6 0 16 0 1 0 0 0 0 0 0 0 1 0 0 0 0 0 0 0 0 0 0 0
2690 9 0 0 45 171 50 0 52 7 49 0 0 1 0 67 12 16 201 50 0 169 55 7 0 0 0 0 0 7
2702 12 0 18 15 3230 2001 0 263 192 6993 11 365 19 0 4102 1296 0 2305 1563 34 400 2018 106 22 4 1 3 1 15
2715 6 0 0 0 575 703 0 38 14 26 0 0 4 0 636 123 122 951 295 4 230 234 19 0 0 0 1 0 8
1678 3 0 0 0 25 10 0 5 0 2 0 0 0 0 2 0 2 15 3 1 12 4 9 0 0 0 0 0 0
3259 5 0 0 0 100 141 0 45 3 8 0 0 0 0 19 3 0 140 16 0 82 92 10 0 0 0 0 0 3
2404 15 0 0 0 0 129 0 8 13 11 1 0 1 0 1 5 3 249 222 1 10 11 1 0 0 0 0 0 0
2674 6 0 0 39 1821 214 0 177 26 64 1 13 10 0 32 30 54 220 57 9 17 323 9 0 0 0 0 0 8
2568 9 0 0 39 4526 159 0 255 82 736 6 0 16 0 100 80 5 702 538 12 122 243 3 5 3 1 0 1 5
1108 6 0 0 0 792 58 0 8 11 17 1 0 3 0 31 11 10 138 40 0 251 85 8 0 0 0 0 0 0
2594 9 0 0 6 1448 137 0 59 15 39 0 94 11 0 26 17 5 606 99 37 135 108 40 9 0 0 6 0 2
2455 5 0 0 33 355 398 0 13 0 2 0 0 1 0 6 1 0 455 62 0 603 144 13 0 0 0 1 0 6
2879 9 0 30 0 8788 709 0 66 26 19 2 0 14 0 217 27 21 2624 180 7 311 158 13 28 2 1 0 1 5
1084 9 0 0 28 2182 214 0 12 2 15 0 0 29 0 0 0 0 1 5 0 24 9 5 0 0 0 0 0 0
2380 9 0 0 0 444 409 0 40 13 11 0 0 1 0 0 0 0 30 78 6 112 406 19 0 0 0 0 0 1
641 6 0 0 0 0 25 0 9 0 0 0 0 5 0 0 0 0 223 18 0 71 37 0 0 0 0 0 0 0
3083 9 0 0 12 310 351 0 59 10 7 1 2 12 0 9 8 4 1021 227 1 464 141 13 0 0 0 7 0 2
2837 9 0 0 21 2359 222 0 76 19 50 0 3 56 0 2 3 0 126 301 2 96 688 36 0 0 0 1 0 0
1552 9 0 0 0 2017 98 0 9 4 39 0 5 40 0 0 0 0 0 3 0 0 0 0 0 0 0 0 0 0
3089 6 0 0 0 4581 690 0 251 692 2674 0 0 1 0 124 78 111 891 348 5 286 1021 25 0 0 0 2 0 3
1822 6 0 0 34 3702 300 0 65 3 4 1 0 6 0 8 4 7 177 82 4 531 1148 14 0 0 0 1 0 0
1399 9 0 0 9 15479 297 0 177 1 43 3 6 54 0 25 5 2 218 106 3 167 87 45 5 0 0 0 0 0
2921 12 0 0 0 295 72 0 17 1 3 0 0 3 0 51 1 3 793 128 21 241 31 25 0 0 0 1 0 0
1753 15 0 0 12 3363 202 0 269 13 76 0 15 9 0 804 31 0 939 105 0 448 67 1 1 0 0 2 0 35
2875 7 0 27 21 18578 1218 0 86 84 576 1 4 12 0 998 13 0 1862 72 2 1315 265 6 20 7 0 15 0 10
1336 12 0 0 18 248 30 0 1 1 1 0 9 2 0 0 0 0 6 0 0 7 6 0 0 0 0 0 0 0
1409 4 0 0 33 3404 117 0 210 19 5 0 3 125 0 0 2 0 1645 653 5 34 121 41 3 3 0 3 0 10
1046 9 0 0 33 9046 409 0 163 57 121 5 0 27 0 333 185 0 563 417 0 48 76 10 7 4 0 0 0 0
2471 6 0 27 45 1762 160 0 219 6 138 1 9 16 0 53 0 0 114 35 2 108 75 3 0 0 0 0 0 0
1841 16 0 0 27 14280 64 0 215 4 16 0 0 120 0 305 710 1 2223 2264 4 572 1350 0 0 0 0 0 0 46
1781 2 0 6 14 5395 471 0 111 33 114 3 20 13 0 0 0 1 563 159 11 261 640 76 2 0 0 1 0 7
1285 6 0 0 39 78 41 0 67 14 61 0 0 18 0 86 0 0 303 6 2 63 0 0 0 0 0 0 0 0
746 13 0 0 25 596 151 0 0 0 4 0 0 13 0 0 0 0 0 0 0 1 0 0 0 0 0 0 0 0
1211 21 0 19 13 2443 279 0 145 3 50 1 18 15 0 8 14 1 358 94 7 92 58 6 0 0 0 0 0 0
2371 7 0 0 21 6607 307 0 252 38 645 1 0 25 0 99 44 8 601 153 12 140 40 25 1 0 0 0 0 1
1537 6 0 0 15 814 276 0 2 13 10 0 0 12 0 0 0 0 368 4 2 16 0 0 0 0 0 0 0 0
1370 9 0 24 24 1885 94 0 24 12 71 0 2 30 0 4 1 0 396 48 3 41 16 3 0 0 0 0 0 0
1368 18 0 0 0 9380 517 0 20 29 23 0 0 57 0 0 0 0 0 0 0 0 0 0 0 0 0 0 0 0
611 12 0 0 18 2041 257 0 73 10 187 2 0 30 0 4 1 2 76 6 11 20 35 1 5 1 0 0 0 0
1740 9 0 66 39 2284 260 0 107 55 498 0 4 17 0 175 24 7 1610 1558 41 71 198 10 0 0 0 5 0 1
965 9 0 0 12 453 26 0 22 0 17 2 3 22 0 8 0 3 118 15 0 5 1 1 0 0 0 0 0 0
2437 6 0 0 0 7 5 0 2 0 0 0 0 0 0 0 1 0 0 0 0 0 1 0 0 0 0 0 0 0
1934 5 0 0 0 37 14 0 10 0 0 0 0 0 0 0 0 0 4 0 0 0 0 0 0 0 0 0 0 0
3004 8 0 0 0 6 18 0 6 0 0 0 0 0 0 0 0 0 0 0 0 6 2 0 0 0 0 0 0 0
2066 10 0 0 0 12 8 0 6 1 0 0 0 0 0 1 0 0 9 0 0 0 0 0 0 0 0 0 0 0
1841 6 1 0 0 0 0 0 0 0 0 0 0 0 0 0 0 0 0 2 0 0 0 0 0 0 0 0 0 0
2193 21 0 0 18 733 44 0 72 6 16 0 8 4 0 23 12 3 237 47 13 12 11 3 0 0 0 0 0 0
1468 12 0 0 39 584 395 0 114 3 5 0 0 27 0 9 7 0 317 101 2 65 44 0 0 0 0 0 0 0
1577 13 0 0 0 2 1 0 1 0 0 0 0 0 0 2 3 0 4 0 0 3 0 0 0 0 0 0 0 1
2050 3 0 33 12 153 121 0 48 17 50 0 0 8 0 1 0 0 42 0 0 0 0 2 0 0 0 0 0 0
2672 15 0 0 15 5245 278 0 133 93 1537 1 6 7 0 313 39 19 555 455 3 181 292 6 0 1 0 1 0 32
2991 6 0 0 33 5123 191 0 131 43 193 0 0 118 0 261 66 3 771 379 1 2256 2962 5 0 0 0 1 0 15
2250 3 0 0 45 3294 365 0 33 15 51 1 0 24 0 30 48 11 104 47 1 454 343 50 0 0 0 0 0 0
1349 6 0 0 0 2216 348 0 194 62 32 0 27 0 0 70 21 0 3 106 3 37 1068 5 0 0 0 0 0 1
865 6 0 0 0 1338 1451 0 40 3 9 0 0 5 0 16 0 2 40 0 0 53 0 27 0 0 0 0 0 0
1198 15 0 0 0 608 134 0 10 0 0 0 0 0 0 0 0 0 32 2 1 4 5 0 0 0 0 0 0 0
3015 5 0 0 0 915 59 0 5 0 0 0 0 4 0 0 0 0 0 64 0 24 274 3 0 0 0 0 0 0
1501 6 0 0 12 909 43 0 19 4 28 0 0 1 0 43 0 0 295 15 0 146 92 0 0 0 0 0 0 9
1139 8 0 0 9 1440 226 0 150 20 37 0 1 7 0 278 230 0 383 405 2 794 504 0 0 0 0 8 0 0
2150 9 0 0 33 4918 103 0 19 2 34 0 3 5 0 76 0 0 80 5 0 25 9 7 7 0 0 0 0 0
1203 6 0 42 27 120 7 0 1 0 0 0 0 3 0 0 0 0 6 0 0 69 0 2 0 0 0 0 0 2
1850 6 0 0 1 1669 253 0 14 25 29 1 4 24 0 8 1 7 181 112 4 26 15 7 1 0 0 0 0 0
697 7 0 0 27 1760 263 0 44 0 1 0 0 1 0 12 7 1 227 879 3 160 2334 11 0 0 0 0 0 0
2840 3 0 0 21 4834 138 0 56 24 23 0 0 45 0 555 54 8 576 107 3 911 455 134 0 0 0 1 0 0
2391 6 0 0 0 287 5 0 27 0 0 0 0 0 0 0 0 0 692 0 1 14 0 0 0 0 0 1 0 0
2993 6 0 0 30 244 91 0 76 21 39 0 0 0 0 3 0 5 214 19 2 202 18 9 0 0 0 0 0 0
1490 18 0 24 15 386 49 0 111 4 18 0 0 5 0 0 0 128 348 30 0 48 13 3 0 0 0 0 0 0
1933 6 0 0 39 19 44 0 31 1 18 0 0 1 0 20 5 18 102 46 1 9 24 7 0 0 0 0 0 0
3069 6 0 0 0 0 16 0 6 0 1 0 0 0 0 0 2 0 0 0 0 0 4 0 0 0 0 0 0 0
1593 2 0 0 0 10 16 0 0 0 0 0 0 0 0 0 0 0 22 0 0 54 2 2 0 0 0 0 0 0
2693 8 0 0 0 27 44 0 23 0 1 0 0 0 0 2 0 0 73 15 0 48 25 2 0 0 0 1 0 2
2981 5 0 0 0 0 26 0 1 0 0 0 0 0 0 9 4 1 69 40 0 1 0 0 0 0 0 4 0 0
3088 12 0 0 0 11 25 0 1 4 31 0 0 0 0 0 0 0 13 0 0 9 1 1 0 0 0 0 0 0
2101 11 0 0 0 215 46 0 165 2 1 0 0 1 0 31 4 0 262 6 0 140 15 0 0 0 0 1 0 0
3113 9 0 0 18 1960 278 0 167 297 850 0 0 21 0 560 3 0 1139 122 0 53 79 11 0 0 0 148 0 1
2624 3 0 0 0 261 41 0 150 52 36 0 0 1 0 51 7 28 312 367 0 33 238 25 0 0 0 0 0 9
2056 2 0 9 36 220 48 0 4 1 13 1 0 1 0 8 0 1 11 1 0 67 30 3 0 0 0 0 0 0
2215 7 0 0 6 14 19 0 7 0 1 0 0 0 0 0 0 0 135 8 0 18 6 1 0 0 0 0 0 5
1780 10 0 0 0 3 17 0 5 0 0 0 0 0 0 0 0 0 266 26 0 32 8 5 0 0 0 0 0 0
3085 6 0 0 6 900 217 0 13 10 32 3 0 6 0 40 16 0 189 79 2 241 148 5 1 0 0 0 0 6
1628 3 0 0 33 33 29 0 5 2 1 0 0 0 0 0 0 0 445 0 0 99 0 1 0 0 0 0 0 1
3063 9 0 0 0 364 395 0 148 32 72 0 0 7 0 377 1 8 1551 27 0 398 9 12 0 0 0 0 0 4
3048 9 0 0 21 385 47 0 5 0 0 0 0 14 0 1 0 1 99 1 1 26 7 15 0 0 0 0 0 0
783 9 0 0 0 87 0 0 3 0 0 0 0 0 0 0 0 0 108 27 0 30 8 3 0 0 0 0 0 0
1291 10 0 0 39 0 39 0 189 7 132 0 2 3 0 6 0 0 61 0 0 200 201 33 0 0 0 0 0 0
2805 12 0 33 0 307 27 0 18 1 0 0 0 1 0 0 0 0 18 0 0 202 11 2 0 0 0 0 0 0
2403 18 0 0 21 925 182 0 62 65 45 0 1 24 0 25 2 0 70 27 6 45 17 17 0 0 0 0 0 1
2119 6 0 0 0 917 42 0 42 2 5 0 0 15 0 1 2 0 584 151 20 55 27 3 0 0 0 2 0 0
1885 8 0 0 27 1295 68 0 74 3 3 0 0 9 0 16 1 1 230 62 4 227 795 13 0 0 0 0 0 2
1784 4 0 0 0 50 7 0 12 0 0 0 0 0 0 1 0 0 5 6 1 10 11 0 0 0 0 0 0 0
2336 9 0 74 27 6029 485 0 251 273 478 0 0 17 0 42 2 5 52 28 5 247 1893 624 0 0 0 0 0 3
3231 9 0 0 21 1235 317 0 229 76 487 0 0 15 0 15 6 0 80 21 2 298 633 11 0 0 0 0 0 6
2072 14 0 0 31 874 41 0 192 13 44 0 0 1 0 0 0 0 105 2 0 571 880 4 0 0 0 0 0 1
3082 12 0 0 45 267 34 0 30 1 1 1 0 1 0 0 0 0 33 0 2 103 12 60 0 0 0 0 0 0
1009 9 0 0 0 173 32 0 10 0 1 0 0 0 0 0 1 0 2 55 0 11 2 0 0 0 0 0 0 0
31 12 0 0 0 9 21 0 43 2 0 0 0 1 0 0 0 0 0 0 0 1 7 3 0 0 0 0 0 0
2471 12 0 0 25 495 333 0 176 4 42 0 0 1 0 13 0 0 0 5 0 40 266 8 0 0 0 0 0 0
1441 6 0 0 0 352 142 0 80 1 0 0 0 5 0 0 0 0 20 11 2 18 5 6 0 0 0 0 0 0
2092 21 0 0 39 249 127 0 128 0 1 0 0 0 0 61 4 0 121 12 2 10 12 12 0 0 0 0 0 0
1971 9 0 9 15 95 53 0 39 2 23 0 0 0 0 130 14 6 1102 153 0 225 61 1 0 0 0 0 0 2
2978 6 0 0 15 2966 191 0 86 28 53 0 0 14 0 16 8 0 1115 480 4 56 32 6 0 0 0 1 0 0
1776 3 0 0 18 453 140 0 64 15 20 0 0 5 0 40 1 14 149 14 2 59 11 4 0 0 0 0 0 0
2758 12 0 0 0 3169 1413 0 104 12 23 0 1 52 0 6 5 0 25 8 0 106 158 14 0 0 0 0 0 0
2634 14 0 0 2 584 160 0 18 3 1 0 0 0 0 171 3 5 734 9 0 105 2 0 0 0 0 0 0 0
3281 9 0 0 25 727 165 0 244 35 43 1 0 12 0 58 137 14 124 43 2 21 97 19 4 0 0 0 0 3
2316 3 0 0 0 1339 899 0 92 29 114 1 0 32 0 110 91 4 100 72 2 25 23 2 0 0 0 0 0 0
1715 13 0 10 24 603 178 0 44 13 14 0 0 17 0 414 28 11 849 68 6 300 43 0 0 1 0 0 0 0
1537 7 0 25 31 14957 264 0 225 6 21 2 35 205 0 5518 146 0 1596 507 27 105 31 4 1 1 0 0 0 18
1292 18 0 39 23 6125 68 0 50 1 3 8 18 64 0 1802 173 11 202 62 16 15 63 7 5 5 0 0 0 0
2788 3 0 0 5 5117 463 0 249 86 185 1 9 89 0 1530 342 610 161 69 7 122 155 54 7 3 0 0 0 5
1476 8 0 83 10 3122 108 0 80 13 16 0 0 10 0 129 0 19 624 115 9 12 18 3 0 0 0 1 0 0
3116 6 0 0 0 1586 79 0 71 2 2 0 0 10 0 336 71 17 1079 35 2 9 2 9 1 0 3 0 1 0
2225 13 0 0 0 4365 518 0 173 6 24 1 4 33 0 324 24 1 251 88 3 80 136 7 8 3 0 0 0 0
2766 4 0 0 28 2099 502 0 188 21 40 2 22 19 0 222 43 41 567 141 1 42 22 2 2 0 0 0 0 0
1465 9 0 0 12 15183 123 0 81 6 5 0 4 492 0 12 12 5 535 309 21 36 35 1 1 0 0 0 0 0
2089 9 0 42 18 8034 884 0 254 135 489 1 0 65 0 36 15 52 62 120 7 31 83 4 0 0 0 0 0 0
2402 13 0 15 21 29671 557 0 232 80 168 10 4 232 0 1587 346 187 691 1046 25 188 502 41 1 0 0 0 0 9
2628 6 0 21 15 31 538 0 130 1 1 0 55 29 0 2559 749 0 5146 409 3 1980 686 3 0 0 0 5 0 0
1628 9 0 0 25 2532 151 0 45 31 66 0 0 21 0 6 3 0 166 80 19 45 47 6 0 0 0 0 0 0
2635 9 0 0 12 2747 975 0 250 139 136 1 3 51 0 532 0 8 574 404 9 150 510 61 2 1 0 1 0 17
1844 6 0 0 15 1474 353 0 206 19 35 0 0 20 0 242 97 32 483 239 4 89 31 3 0 0 0 2 0 4
1349 6 0 0 0 159 64 0 38 3 6 0 0 27 0 85 15 14 68 58 6 55 82 25 0 0 0 3 0 0
3070 11 0 0 0 31 8 0 47 1 0 0 0 0 0 34 0 0 92 6 0 51 11 1 0 0 0 0 0 0
2987 18 0 0 0 20 32 0 40 3 3 0 0 0 0 17 7 1 131 7 2 113 7 5 0 0 0 0 0 0
2999 11 0 0 0 7 12 0 31 0 0 0 0 0 0 1 1 2 7 4 0 9 11 3 0 0 0 0 0 0
3013 4 1 0 27 14 18 0 9 0 0 0 0 0 0 3 5 0 9 5 0 0 1 0 0 0 0 0 0 0
3017 7 0 0 34 316 34 0 68 3 8 0 0 0 0 105 3 0 840 10 1 247 16 4 0 0 0 21 0 0
3019 12 0 0 43 135 114 0 112 4 9 0 0 2 0 7 0 0 103 1 0 69 7 1 0 0 0 0 0 0
3030 6 0 0 27 60 23 0 67 0 31 0 0 1 0 0 0 0 8 2 1 63 1 1 0 0 0 0 0 0
3106 15 0 0 30 50 31 0 46 0 4 0 0 0 0 2 0 1 1 0 0 2 3 1 0 0 0 0 0 0
3126 12 0 0 45 82 23 0 16 1 6 0 0 6 0 16 52 11 194 31 2 19 83 13 0 0 0 0 0 0
3150 11 0 0 0 478 94 0 159 6 214 0 0 0 0 5 2 5 65 9 26 6 5 5 0 0 0 0 0 0
3072 4 0 0 42 255 31 0 158 5 9 0 0 1 0 38 55 21 674 108 6 34 287 10 0 0 0 0 0 0
3077 12 0 0 0 303 81 0 77 2 8 0 0 0 0 3 1 0 79 81 3 11 63 11 0 0 0 0 0 0
879 9 0 119 12 647 59 0 47 6 0 0 0 1 0 65 2 0 109 24 2 82 11 0 0 0 0 0 0 0
2196 3 0 0 6 3 16 0 12 0 0 0 0 1 0 184 87 142 860 807 2 0 3 0 0 0 0 0 0 0
446 11 0 0 0 14 0 0 0 0 0 0 0 0 0 0 0 0 0 2 0 0 6 0 0 0 0 0 0 0
3025 11 0 0 27 22 33 0 35 4 8 0 0 2 0 12 24 17 4 3 0 0 3 0 0 0 0 0 0 0
2992 13 0 0 6 20 21 0 7 6 18 0 0 0 0 0 0 0 5 0 0 1 0 0 0 0 0 0 0 0
3009 15 0 0 0 86 44 0 78 4 4 0 0 0 0 1 1 1 46 23 1 2 14 2 0 0 0 0 0 0
381 16 0 0 0 52 32 0 0 0 0 0 0 1 0 0 0 0 0 0 0 35 0 4 0 0 0 0 0 0
2299 12 0 0 42 9536 275 0 73 24 28 1 3 49 0 893 0 0 918 1369 1 975 1284 5 80 3 28 0 10 74
1039 15 0 0 18 6943 1516 0 112 1 3 1 0 21 0 11 8 2 91 371 3 20 68 1 0 0 0 0 0 0
1235 6 0 12 9 1477 175 0 232 12 8 0 0 10 0 15 9 0 108 35 4 152 32 2 0 0 0 0 0 0
1789 15 0 0 0 113 12 0 27 4 6 0 0 1 0 5 0 0 67 0 0 38 0 1 0 0 0 0 0 0
741 12 0 0 33 57 45 0 42 0 0 0 0 2 0 2 0 0 1 1 0 0 2 0 0 0 0 0 0 0
1028 12 0 0 9 62 23 0 5 4 1 0 0 0 0 0 0 0 1 1 0 0 1 1 0 0 0 0 0 0
2574 6 0 0 0 41 36 0 20 7 13 0 0 1 0 2 0 0 259 33 0 34 9 3 0 0 0 0 0 0
2816 5 0 0 45 898 270 0 103 66 74 0 1 1 0 21 7 1 1092 232 1 206 66 26 4 1 0 2 0 0
1606 6 0 0 10 14 20 0 34 1 2 0 0 0 0 0 0 0 2 1 0 1 2 0 0 0 0 0 0 0
3066 7 0 0 17 12 303 0 8 6 0 0 0 1 0 0 0 0 1 0 0 0 0 0 0 0 0 0 0 0
1232 12 0 15 24 12593 205 0 99 2 20 1 1 15 0 52 60 42 240 96 34 123 204 39 4 2 0 0 0 1
193 10 0 0 0 47 9 0 0 0 0 0 0 0 0 0 0 0 32 0 0 4 0 0 0 0 0 0 0 0
2126 6 0 0 21 5697 260 0 103 440 322 1 4 19 0 123 317 15 330 617 7 646 1420 11 0 2 0 5 0 1
2041 6 0 0 12 258 84 0 34 6 3 0 0 4 0 0 0 0 3 0 0 21 1 3 0 0 0 0 0 0
80 15 0 0 33 19 6 0 8 1 0 0 0 1 0 0 0 0 3 3 2 4 5 2 0 0 0 0 0 0
1111 6 0 0 27 640 94 0 26 2 3 0 0 1 0 4 0 2 21 1 3 742 32 15 0 0 0 1 0 0
1984 9 0 0 37 565 80 0 94 0 12 3 0 8 0 5 1 0 164 2 0 142 4 7 4 0 3 9 3 0
1831 4 0 0 29 701 328 0 32 3 1 0 0 0 0 0 0 0 244 59 0 21 46 6 1 1 1 0 0 0
2036 3 1 0 15 242 67 0 83 26 29 0 0 2 0 27 17 16 44 35 3 1 1 5 0 0 0 0 0 0
1123 6 0 0 36 904 267 0 4 0 3 0 0 9 0 0 0 0 2 0 0 6 0 1 0 0 0 0 0 0
187 6 0 0 22 424 31 0 22 0 0 0 0 1 0 4 1 0 483 109 0 5 0 3 3 0 0 0 0 0
2443 6 0 0 0 69 28 0 6 1 0 0 0 0 0 0 0 0 0 28 0 0 0 0 0 0 0 0 0 0
2451 9 0 0 12 124 109 0 10 2 4 0 0 1 0 0 0 0 2 27 0 0 0 0 0 0 0 0 0 0
2476 9 0 0 0 117 70 0 6 1 0 0 0 0 0 0 0 0 0 28 0 0 0 0 0 0 0 0 0 0
2485 18 0 0 0 138 70 0 11 1 1 0 0 2 0 1 0 0 4 28 0 3 3 1 0 0 0 0 0 0
2488 9 0 0 0 57 18 0 6 1 0 0 0 0 0 0 0 0 0 28 0 0 1 0 0 0 0 0 0 0
2423 6 0 0 0 104 68 0 6 1 0 0 0 0 0 0 0 0 0 27 0 0 0 0 0 0 0 0 0 0
2438 9 0 0 0 78 23 0 12 1 0 0 0 0 0 0 0 0 1 28 0 0 0 0 0 0 0 0 0 0
2438 6 1 0 0 58 18 0 6 1 0 0 0 0 0 0 0 0 0 30 0 0 0 0 0 0 0 0 0 0
2439 9 0 0 0 57 20 0 2 1 0 0 0 0 0 0 0 0 0 28 0 0 0 0 0 0 0 0 0 0
2391 12 0 0 0 106 68 0 6 2 0 0 0 0 0 0 0 0 0 27 0 0 0 0 0 0 0 0 0 0
2387 6 0 0 0 165 68 0 6 2 0 0 0 0 0 0 0 0 59 25 0 0 0 0 0 0 0 0 0 0
759 15 0 0 28 3267 60 0 6 4 11 0 0 18 0 0 0 0 5 0 1 30 0 5 1 0 1 0 1 0
1529 7 0 0 24 679 14 0 26 0 1 0 215 6 0 0 0 0 0 0 0 0 1 1 0 0 0 0 0 0
1282 12 0 0 21 724 33 0 2 0 0 6 0 96 0 0 0 0 32 0 0 6 1 1 1 0 0 0 0 0
2941 6 0 0 15 180 84 0 16 1 1 0 0 5 0 302 8 15 1179 42 1 431 311 18 0 0 0 0 0 36
3022 6 0 12 12 1593 263 0 71 23 22 0 4 8 0 24 27 19 213 76 11 101 74 44 5 4 0 0 0 5
673 6 0 0 0 9 0 0 0 0 0 0 0 0 0 0 0 0 0 0 0 0 0 0 0 0 0 0 0 0
2074 15 0 0 0 3578 373 0 248 8 18 0 0 16 0 78 9 0 283 35 3 1066 1453 91 0 0 0 1 0 5
2070 14 0 0 0 414 85 0 155 0 0 0 2 32 0 3399 113 0 113 42 0 8 0 0 0 0 0 0 0 0
2294 6 0 21 15 1642 137 0 210 82 292 1 154 54 0 174 71 15 334 79 3 310 294 10 0 0 0 3 0 16
1952 6 0 0 0 1353 175 0 99 19 227 0 1 18 0 19 2 0 245 126 0 190 249 0 0 1 0 8 0 0
3091 15 0 24 45 4539 462 0 205 8 437 4 0 13 0 14 20 29 33 66 0 839 3052 210 0 0 0 0 0 8
2522 8 0 0 33 1930 179 0 126 30 38 0 0 7 0 38 0 0 770 36 1 470 110 8 0 0 0 7 0 10
1323 21 0 55 43 2311 309 0 318 11 11 2 16 72 0 222 24 31 551 118 4 101 74 14 20 4 0 0 0 0
1605 12 0 0 42 11152 370 0 226 39 60 6 64 23 0 45 5 3 284 36 2 350 29 0 2 0 0 0 0 2
729 6 0 0 33 198 16 0 54 3 7 5 3 2 0 0 0 0 4 1 0 0 3 0 0 0 0 0 0 0
1504 9 0 0 27 2852 173 0 38 7 13 1 1 5 0 14 0 0 566 6 10 297 106 2 3 0 1 0 1 0
641 6 0 0 0 417 70 0 119 1 1 6 2 6 0 0 0 0 5 0 0 2 1 0 1 0 0 0 0 0
1899 12 0 72 45 807 71 0 34 5 3 0 0 17 0 1 1 4 58 10 0 6 1 0 0 0 0 0 1 0
2574 6 0 18 15 938 374 0 207 45 47 0 0 32 0 890 684 8 769 507 8 350 280 36 4 0 0 2 0 6
2223 6 0 0 31 858 395 0 169 27 50 3 0 56 0 25 12 0 193 53 0 20 68 0 0 0 0 0 0 0
1533 21 0 0 45 9861 280 0 67 15 182 1 5 60 0 467 39 5 554 97 11 731 770 19 17 6 0 11 0 1
2325 6 0 36 30 3040 494 0 22 18 53 0 0 3 0 13 0 0 158 0 0 332 6 2 0 0 0 0 0 0
2429 12 0 211 21 4831 188 0 163 64 124 1 7 27 0 490 110 6 1002 173 12 724 421 2 1 0 0 9 0 16
2322 8 0 66 10 512 121 0 42 11 6 0 364 8 0 791 0 0 1858 345 8 1151 1291 1 1 1 0 0 0 13
2526 12 0 0 32 5545 453 0 416 39 174 0 21 8 0 16 5 14 322 272 30 534 2350 187 1 0 0 0 0 1
2718 8 0 0 0 64 78 0 231 6 399 0 0 0 0 17 3 0 446 9 0 637 4 5 0 0 0 0 0 16
1696 12 0 0 45 1875 96 0 149 0 3 0 1 2 0 4 0 0 95 3 0 440 131 23 71 4 0 0 0 0
2256 12 0 0 19 43 127 0 64 4 6 0 0 5 0 263 3 1 2014 45 2 238 1 1 0 0 0 0 0 7
1738 9 0 400 24 4122 59 0 0 0 0 0 0 24 0 63 13 0 1011 111 15 932 12 14 43 0 4 0 4 0
786 6 0 0 30 1778 336 0 24 2 4 0 3 4 0 10 5 0 733 7 0 7 5 0 0 0 0 0 0 0
2372 10 0 0 0 9 7 0 12 7 1 0 1 0 0 0 0 1 4 1 1 4 0 2 0 0 0 0 0 0
1581 4 0 0 30 5457 180 0 180 31 41 2 53 11 0 10 2 0 122 59 2 31 13 0 0 10 0 0 0 0
564 15 0 0 18 369 17 0 15 0 0 0 0 0 0 0 0 0 0 0 0 1 0 0 0 0 0 0 0 0
1951 9 0 0 29 1736 53 0 73 1 8 1 0 5 0 60 19 1 1183 112 4 148 90 16 0 0 0 0 0 0
2998 15 0 0 11 3815 332 0 267 23 452 3 4 6 0 65 35 12 187 91 9 57 312 7 0 0 0 0 0 4
1717 6 0 0 27 15488 176 0 50 0 1 1 2 4 0 9 0 1 520 4 2 0 13 0 46 9 0 0 0 0
853 16 0 78 30 3945 2001 0 269 125 5 0 0 2 0 0 1 0 0 12 0 10 3 0 0 0 0 0 0 0
664 3 0 0 45 39 5 0 51 0 0 0 0 0 0 0 0 0 2 2 0 0 1 0 0 0 0 0 0 0
773 6 0 0 30 2277 64 0 14 0 3 0 5 1 0 6 6 0 274 15 0 6 6 0 0 0 0 5 0 0
1554 6 0 0 0 311 11 0 231 0 3 0 0 1 0 1 0 1 13 41 0 11 0 2 0 0 0 0 0 1
2405 14 0 19 39 1118 100 0 43 14 20 1 7 23 0 174 41 0 1756 1581 5 791 1039 0 5 0 2 12 1 3
1469 9 0 15 15 228 110 0 0 6 6 0 0 3 0 26 0 0 185 3 0 9 1 0 0 0 0 0 0 3
1770 21 0 24 26 16646 735 0 168 24 39 0 0 45 0 20 2 0 1023 202 2 607 794 72 2 0 0 0 0 20
2072 21 0 0 12 4758 224 0 121 10 9 1 2 33 0 7 9 0 90 15 2 6 18 4 6 6 0 0 0 0
1852 4 0 0 39 48 5 0 8 1 2 0 0 1 0 0 0 0 1 0 0 0 0 0 0 0 0 0 0 0
629 9 0 0 0 267 152 0 34 0 0 0 0 9 0 0 3 0 20 18 2 20 40 5 1 0 0 0 0 0
2019 18 0 0 24 1551 638 0 108 54 20 1 0 9 0 9 3 0 120 11 0 204 19 6 23 3 0 0 0 7
2625 6 0 0 0 549 270 0 238 39 86 0 0 8 0 111 13 39 711 89 18 158 55 30 0 0 0 0 0 10
821 11 0 0 28 197 12 0 36 0 0 0 0 0 0 0 0 0 1 0 0 0 0 0 0 0 0 0 0 0
2365 31 0 0 24 1513 254 0 122 35 47 0 15 15 0 109 24 0 1046 258 0 1251 209 0 0 0 0 0 0 16
2393 9 0 0 0 3456 725 0 113 4 12 0 0 12 0 5 0 0 65 0 0 136 2 9 0 0 0 0 0 0
2808 6 0 9 39 122 181 0 18 35 36 0 0 2 0 5 3 0 14 8 1 13 9 2 0 0 0 0 0 0
468 9 0 0 30 224 0 0 0 0 0 0 0 0 0 126 0 46 466 197 0 183 81 33 0 0 0 0 0 0
1463 12 0 0 39 472 305 0 176 0 2 3 8 6 0 0 0 0 1 1 0 0 1 0 1 0 0 0 0 0
3081 15 0 176 44 15092 1665 0 143 60 11 1 7 15 0 246 61 0 822 208 0 523 131 3 381 3 5 5 4 13
2731 10 0 27 13 3048 431 0 172 82 246 2 2 17 0 33 58 17 622 402 15 215 1056 90 18 3 0 6 0 15
3035 12 0 24 42 14526 849 0 67 141 313 0 28 4 0 31 7 0 944 34 28 551 140 5 1 0 0 1 0 1
2278 9 0 0 4 7254 168 0 42 0 0 0 0 0 0 2 3 3 288 69 3 36 31 9 0 0 0 0 0 0
1541 16 0 0 33 1809 375 0 96 3 11 0 0 2 0 6 4 3 49 24 1 111 127 18 23 0 13 0 11 0
1226 5 0 0 36 4282 58 0 12 4 8 0 1 2 0 71 15 10 150 2 1 360 25 46 1 0 0 0 0 0
2815 6 0 0 11 4753 912 0 239 395 346 0 1 11 0 638 78 0 4006 2239 32 1180 463 45 0 0 0 3 0 18
471 6 0 0 0 139 54 0 4 0 0 0 0 0 0 0 0 0 1 0 0 4 4 0 8 0 10 0 9 0
2794 9 0 19 0 4427 398 0 126 50 54 0 0 15 0 1576 2 0 572 3 1 784 16 0 0 0 0 4 0 0
3023 9 0 0 15 15425 347 0 194 13 106 0 45 7 0 352 273 115 1427 1280 22 225 779 65 57 0 5 0 2 5
1695 6 0 17 18 5941 393 0 152 5 67 0 0 25 0 15 0 6 64 17 0 69 87 62 0 0 0 0 0 0
2271 9 0 0 45 987 128 0 18 1 0 0 1 1 0 17 2 5 209 22 1 105 14 7 0 0 0 0 0 0
2063 9 0 0 36 2699 374 0 125 192 297 0 0 49 0 16 0 0 122 14 0 514 1165 0 0 0 0 1 0 0
1864 12 0 0 24 822 47 0 30 0 0 0 0 0 0 9 0 2 120 103 3 3 44 1 0 0 0 0 0 0
2902 9 0 0 15 3334 759 0 57 32 111 0 3 17 0 91 14 15 806 316 10 819 489 43 0 0 0 6 0 10
1752 10 0 0 36 1787 155 0 140 4 10 0 0 2 0 6 0 0 52 7 7 244 33 66 0 0 0 1 0 1
1843 9 0 0 15 5020 352 0 177 33 58 1 4 32 0 121 24 3 445 72 15 73 48 7 0 0 0 0 0 0
2007 12 0 21 20 6056 511 0 100 33 37 0 0 87 0 598 11 0 349 1 2 148 4 0 0 0 0 0 0 4
2127 6 0 0 24 222 118 0 26 5 5 0 0 143 0 1 4 1 0 0 0 0 2 0 0 0 0 0 0 0
1438 6 0 25 37 2620 645 0 134 11 22 0 0 7 0 22 0 0 88 3 5 18 5 2 0 0 0 0 0 0
1340 9 0 0 15 109 199 0 14 39 97 0 0 65 0 65 15 3 62 45 9 66 90 29 0 0 0 1 0 1
2620 7 0 356 30 2066 196 0 9 26 21 0 1 50 0 669 342 0 775 181 0 112 68 27 0 0 0 0 0 4
1417 21 0 33 39 5218 481 0 162 49 77 4 42 7 0 530 26 73 895 89 49 146 77 51 6 3 1 1 0 5
1561 12 0 0 0 3 2 0 0 0 0 0 0 0 0 0 0 0 0 1 0 0 0 0 0 0 0 0 0 0
1095 12 0 0 0 2237 70 0 317 8 23 0 145 4 0 58 5 16 797 247 2 347 340 138 0 0 0 0 0 1
995 8 0 0 0 999 207 0 61 18 27 2 6 10 0 40 8 6 28 19 9 2 3 2 0 0 0 0 0 0
2352 6 0 0 25 2433 171 0 85 19 14 2 13 22 0 272 0 0 517 51 5 63 10 1 1 2 0 1 0 2
1682 17 0 27 0 101 96 0 23 9 10 1 0 18 0 8 1 0 2 3 0 2 2 1 0 0 0 0 0 0
2158 18 0 0 27 1572 583 0 280 192 95 3 3 23 0 88 153 73 142 200 1 66 527 40 0 0 0 0 0 10
653 15 0 0 45 47 30 0 20 0 0 0 0 21 0 0 0 0 5 0 0 0 0 0 0 0 0 0 0 0
1330 9 0 157 21 2550 311 0 126 9 15 1 4 24 0 56 18 30 478 99 11 282 129 81 15 0 0 0 0 2
1831 9 0 0 21 3650 405 0 224 23 55 0 1 24 0 3 1 0 144 25 5 336 1621 66 0 0 0 1 0 0
2381 7 0 0 0 27 8 0 36 0 0 0 0 0 0 0 0 0 0 0 0 0 3 1 0 0 0 0 0 0
2355 6 0 0 40 1437 164 0 177 35 38 0 0 1 0 86 23 6 875 91 3 247 170 48 0 0 0 1 0 3
170 21 0 0 42 91 310 0 19 0 0 0 0 9 0 0 0 0 0 0 0 0 0 0 0 0 0 0 0 0
2260 12 0 0 0 3575 691 0 165 61 361 0 0 17 0 42 57 0 221 65 4 1254 2798 83 1 0 0 0 0 4
2454 6 0 24 12 3368 634 0 81 17 17 0 0 6 0 296 66 0 691 380 1 1117 1242 18 0 0 0 0 0 0
1543 12 0 39 0 3408 315 0 97 36 128 16 8 3 0 18 0 0 71 58 0 366 932 14 0 0 0 2 0 4
2699 6 0 12 0 4289 384 0 104 67 979 0 1 1 0 554 224 14 374 642 13 385 1338 4 21 4 0 0 0 9
2006 8 0 45 15 7791 198 0 142 17 28 1 19 24 0 123 37 47 1088 947 9 748 1032 8 0 1 0 0 0 3
2461 12 0 0 15 4888 217 0 75 4 19 1 3 18 0 75 111 16 342 553 7 122 1096 1274 0 0 0 0 0 5
1158 12 0 105 21 8288 397 0 142 0 297 0 12 20 0 2 0 0 61 9 0 640 104 75 15 0 0 0 0 1
436 9 0 0 0 1105 364 0 36 0 8 0 0 16 0 0 1 0 0 0 0 92 171 41 0 0 0 0 0 0
1010 6 0 0 0 993 51 0 160 4 23 2 9 18 0 15 10 74 99 37 0 114 110 42 1 0 0 0 0 0
845 6 0 0 30 5547 158 0 12 6 8 0 0 28 0 0 0 0 60 33 1 117 105 0 8 2 2 0 2 0
1789 9 0 102 36 12130 214 0 255 79 142 3 0 64 0 149 18 46 210 104 21 475 287 144 13 2 0 0 0 0
1008 5 0 0 0 10 10 0 0 0 0 0 0 0 0 0 0 0 0 0 0 0 0 0 0 0 0 0 0 0
2829 6 0 0 0 6877 708 0 146 1928 439 0 0 62 0 30 0 19 389 12 5 161 297 6 0 0 0 0 0 6
2090 9 0 0 43 6238 460 0 30 9 426 1 9 27 0 8 7 0 142 106 7 155 276 7 0 0 0 0 0 0
994 6 0 0 15 3414 236 0 57 1 5 0 2 32 0 14 5 1 143 14 5 239 130 91 0 0 0 3 0 0
1479 9 0 6 21 1151 649 0 7 1 6 1 0 17 0 0 2 0 0 1 1 0 1 0 0 0 0 0 0 0
1195 6 0 6 6 1065 833 0 16 7 1 0 0 30 0 1 0 0 5 0 1 0 0 0 2 0 2 0 2 0
935 18 0 0 42 7535 147 0 171 1 8 0 0 220 0 81 6 0 1190 297 30 45 13 3 0 0 0 0 0 0
846 15 0 0 0 1352 148 0 6 0 4 1 48 12 0 1 3 3 218 132 8 2 14 4 0 0 0 0 0 0
1552 15 0 0 0 204 58 0 9 1 0 0 0 7 0 0 0 0 3 0 0 0 0 0 0 0 0 0 0 0
2523 36 0 12 23 1248 857 0 253 78 233 12 11 30 0 322 131 3 1448 346 13 423 299 0 0 0 0 4 0 12
1983 21 0 52 12 1347 103 0 39 2 6 2 20 25 0 217 94 93 213 34 4 97 62 9 1 0 0 0 0 3
2943 6 0 27 25 13068 498 0 189 366 997 0 0 51 0 58 14 26 718 158 30 192 305 50 0 0 0 0 0 1
1081 6 0 26 12 2912 258 0 157 9 127 0 1 33 0 522 246 92 1461 0 5 117 238 51 0 0 0 0 0 0
2980 5 0 30 12 15843 90 0 79 5 1 0 0 91 0 1061 7 0 3101 15 6 2367 0 10 0 0 0 0 0 0
2267 9 0 0 7 6125 95 0 44 3 35 0 0 17 0 1650 52 0 1355 112 20 699 30 0 0 0 0 4 0 1
2923 10 0 0 25 5909 520 0 246 120 237 1 1 27 0 707 276 80 539 671 42 30 275 16 0 0 0 1 0 7
1240 15 0 53 30 5215 241 0 217 18 13 1 2 47 0 6 6 0 365 28 2 7 19 13 0 0 0 0 0 0
1892 6 0 0 21 4863 156 0 93 42 183 0 5 11 0 624 2 0 1455 186 28 425 284 9 2 1 0 11 0 10
1351 6 0 0 18 3083 89 0 82 0 0 1 0 13 0 433 7 7 702 130 18 132 14 0 1 0 0 2 0 0
2875 6 0 42 15 6878 292 0 244 10 95 6 22 78 0 813 194 384 724 685 117 437 483 112 0 0 0 1 0 12
3118 6 0 9 30 1191 69 0 76 31 205 0 1 7 0 2395 0 0 4112 18 8 754 91 4 0 0 0 1 0 1
1331 10 0 0 24 4923 209 0 56 17 28 0 0 10 0 28 51 56 276 193 88 35 146 44 3 1 0 0 0 0
2724 9 0 0 9 9844 119 0 201 36 40 0 0 27 0 3634 51 0 1727 137 18 424 31 11 3 0 0 15 0 18
1687 13 0 18 0 14349 139 0 239 27 357 6 1 59 0 592 40 95 998 673 91 260 114 3 5 6 0 0 0 0
2096 9 0 0 17 523 99 0 86 135 133 0 0 7 0 1733 86 0 2289 152 11 897 211 0 0 0 0 30 0 14
1933 21 0 48 27 1725 62 0 67 0 4 0 5 2 0 24 2 1 26 8 0 5 5 0 2 7 0 0 0 0
576 3 0 0 24 497 70 0 44 1 2 10 35 3 0 9 0 3 99 8 9 1 6 1 5 3 0 2 0 0
1905 9 0 0 15 211 35 0 83 1 5 0 0 0 0 6 3 0 123 37 0 38 26 4 0 0 0 0 0 0
462 6 0 0 20 736 198 0 89 9 13 3 77 7 0 4 8 7 14 30 0 10 80 6 0 0 0 0 0 0
371 12 0 0 25 253 14 0 28 12 4 3 4 1 0 19 2 0 114 7 3 33 11 2 1 1 0 0 0 0
1081 6 0 0 34 240 34 0 133 6 0 0 11 16 0 209 1 4 839 208 9 411 112 7 62 60 0 1 0 0
690 8 0 0 16 11420 490 0 133 1 0 0 44 2 0 0 0 0 89 48 1 1 21 0 10 5 0 0 0 0
815 12 0 0 0 243 49 0 84 0 10 1 9 1 0 41 0 0 861 15 0 60 72 1 0 0 0 0 0 0
1151 21 0 0 30 39 5 0 11 3 0 0 0 2 0 0 0 0 24 0 0 0 0 0 0 0 0 0 0 0
336 12 0 0 28 121 40 0 66 0 0 2 9 3 0 1 0 0 12 0 0 0 3 4 0 0 0 0 0 0
1017 11 0 0 1 2831 174 0 307 10 35 0 1 1 0 0 2 0 44 26 1 30 7 1 0 0 0 0 0 0
2876 12 0 0 0 478 218 0 25 0 0 0 0 0 0 0 0 0 2 1 0 46 0 0 0 0 0 0 0 0
2142 9 0 50 24 30807 1358 0 195 117 368 0 0 268 0 312 93 254 1893 2072 79 268 2410 97 6 0 0 5 0 11
1561 21 0 0 20 945 136 0 136 4 1 1 12 1 0 1 0 0 171 12 1 1 1 0 1 0 0 0 0 0
1971 21 0 140 20 19046 1340 0 341 214 240 6 43 46 0 69 18 12 396 86 0 317 250 14 1 0 0 0 0 5
882 21 0 0 12 156 22 0 35 0 0 0 0 4 0 0 0 0 12 3 0 4 4 0 0 0 0 0 0 0
2364 10 0 154 33 8012 60 0 68 141 14 0 0 34 0 1283 0 0 2130 0 0 292 0 0 1 0 1 5 1 2
2047 6 0 0 24 1060 245 0 67 0 0 1 0 8 0 1 3 0 47 1 0 4 10 0 0 0 0 0 0 0
1406 12 0 0 9 3471 69 0 28 17 77 0 0 9 0 10 2 0 1033 339 4 55 24 3 2 0 0 9 0 2
1712 7 0 0 0 40 9 0 9 1 1 0 0 0 0 2 0 0 13 4 2 31 31 7 0 0 0 0 0 0
1107 6 0 0 12 1160 94 0 35 3 0 0 0 8 0 421 22 14 396 158 44 233 162 14 3 0 0 1 0 0
1182 9 0 0 18 12904 62 0 38 5 12 0 32 78 0 0 0 0 1 2 0 0 0 0 0 0 0 0 0 0
458 15 0 0 30 55 0 0 51 0 0 0 0 2 0 0 0 0 2 0 0 0 0 0 0 0 0 0 0 0
452 7 0 0 0 7 2 0 7 0 0 0 0 0 0 0 0 0 0 1 0 2 1 1 0 0 0 0 0 0
1099 6 0 0 33 50 6 0 7 2 3 0 0 1 0 0 0 0 10 0 0 0 0 1 0 0 0 0 0 1
2237 9 0 18 43 3482 1170 0 62 42 93 1 1 8 0 39 0 2 1728 101 6 298 71 13 25 4 0 0 0 1
3150 9 0 168 0 1980 1061 0 143 102 83 0 0 1 0 139 7 19 533 64 2 253 50 20 0 0 0 17 0 4
2515 5 0 36 24 8053 185 0 39 164 199 5 9 330 0 392 168 8 633 314 16 231 350 24 0 0 0 0 0 23
1552 18 0 48 19 1941 328 0 68 31 19 2 3 48 0 6 7 0 6 4 0 7 20 2 0 0 0 0 0 0
2739 11 0 392 44 6575 1853 0 234 56 155 0 0 6 0 41 9 1 153 125 14 54 122 10 1 0 0 0 0 0
3117 21 0 91 9 3985 250 0 81 20 53 1 0 44 0 2938 0 0 8216 250 10 478 25 2 3 2 0 36 0 1
1770 6 0 21 30 12411 220 0 186 17 19 0 0 38 0 766 35 12 2564 202 7 103 13 8 2 0 0 5 0 4
1847 7 0 257 24 4936 384 0 80 11 80 15 6 175 0 95 1 24 87 77 30 44 22 4 0 0 0 0 0 0
1087 12 0 0 28 288 63 0 9 0 1 0 0 0 0 1 0 0 0 0 0 0 0 0 0 0 0 0 0 0
625 21 0 0 21 539 20 0 81 3 0 0 8 2 0 88 0 1 264 1 0 16 2 0 2 0 1 0 2 0
121 12 0 0 13 30 10 0 11 0 0 1 2 1 0 0 0 0 0 0 0 0 1 0 0 0 0 0 0 0
1406 9 0 0 21 1851 54 0 41 44 46 1 50 2 0 189 18 9 218 126 6 150 121 0 15 8 0 0 0 3
548 12 0 0 39 180 50 0 17 6 2 1 2 1 0 1 0 2 0 0 1 0 0 0 1 1 0 0 0 0
1894 12 0 0 0 0 10 0 14 0 0 0 0 0 0 0 0 0 0 0 0 0 0 0 0 0 0 0 0 0
1338 12 0 0 24 222 144 0 68 9 171 1 0 1 0 0 0 0 4 1 1 2 1 0 17 0 0 0 0 0
2824 6 0 0 12 236 287 0 116 112 249 0 0 6 0 743 44 92 271 116 14 10 6 45 0 0 0 0 0 8
1966 6 0 21 14 750 65 0 65 1 4 1 4 0 0 121 9 2 194 16 2 149 137 18 0 0 0 1 0 0
1500 7 0 0 0 125 30 0 12 3 4 0 0 0 0 0 2 0 177 34 0 2 3 2 0 0 0 0 0 0
2360 9 0 0 27 41 8 0 50 0 0 0 0 0 0 11 30 3 28 2 0 36 13 5 0 0 0 0 0 0
2319 6 0 0 24 79 47 0 35 8 4 0 0 5 0 112 5 5 284 67 0 46 0 5 0 0 0 0 0 0
1836 10 0 0 12 23 2169 0 31 16 0 0 0 1 0 0 0 0 2 0 0 6 1 1 0 0 0 0 0 0
2283 12 0 33 39 211 162 0 176 32 277 0 0 4 0 165 7 25 338 35 5 108 24 25 0 0 0 0 0 4
2001 3 0 0 0 92 70 0 40 12 23 0 0 4 0 33 10 7 234 62 5 32 30 5 0 0 0 0 0 0
2310 9 0 0 0 93 115 0 5 1 22 0 0 0 0 345 0 5 358 44 5 117 8 2 0 0 0 0 0 3
2624 5 0 0 0 100 30 0 3 0 1 0 0 0 0 141 17 27 377 74 5 74 15 6 0 0 0 0 0 0
2270 8 0 0 0 2 11 0 18 0 0 0 0 0 0 0 0 0 149 6 0 0 1 0 0 0 0 0 0 0
2575 6 0 0 9 14 44 0 72 3 2 0 0 0 0 392 153 0 457 65 11 41 8 7 0 0 0 0 0 6
2210 3 0 0 0 316 21 0 2 0 0 0 0 0 0 256 19 1 1574 110 2 94 5 0 0 0 0 1 0 7
2208 8 0 0 0 0 23 0 1 0 0 0 0 0 0 0 0 11 257 7 2 50 22 5 0 0 0 0 0 0
1583 6 0 12 12 446 29 0 3 106 20 0 0 3 0 47 0 0 553 12 0 268 6 3 0 0 0 0 0 4
1151 6 0 0 0 46 2 0 4 0 0 0 0 0 0 2 0 0 130 0 0 0 7 0 0 0 0 0 0 0
1962 21 0 0 0 954 118 0 79 11 21 0 0 0 0 95 8 0 295 68 2 172 97 17 6 3 0 0 0 5
1022 6 0 0 0 3 22 0 0 0 0 0 0 0 0 0 0 0 0 0 0 0 0 0 0 0 0 0 0 0
1925 7 0 0 0 20 13 0 2 2 0 0 0 0 0 2 3 2 22 23 1 30 5 0 0 0 0 0 0 1
1143 7 0 77 21 194 38 0 46 0 2 0 0 0 0 3 0 0 5 0 0 1 2 0 0 0 0 0 0 0
1606 9 0 0 13 245 6 0 118 7 32 0 0 2 0 17 0 1 400 4 0 132 3 0 0 0 0 0 0 4
1350 7 0 0 0 4 6 0 2 0 0 0 0 0 0 0 0 0 0 0 0 0 0 1 0 0 0 0 0 0
1532 12 0 0 0 185 96 0 157 0 1 0 0 0 0 0 2 0 15 55 0 3 124 1 0 0 0 0 0 0
1270 12 0 0 6 53 37 0 7 9 17 0 0 0 0 0 0 0 0 0 0 7 0 1 0 0 0 0 0 0
2851 9 0 15 12 131 399 0 58 4 6 0 0 3 0 0 0 0 0 0 0 1 0 4 0 0 0 0 0 0
2362 4 0 0 24 11 36 0 56 5 11 0 0 0 0 70 1 2 26 2 0 2 1 1 0 0 0 0 0 3
1784 6 0 0 12 84 45 0 66 4 0 0 0 1 0 0 1 1 33 14 6 50 44 0 0 0 0 1 0 0
2122 19 0 0 45 119 82 0 56 1 7 0 1 2 0 26 8 4 191 23 8 26 25 15 0 0 0 0 0 5
1404 5 0 0 0 6 6 0 4 0 0 0 0 0 0 0 0 0 11 1 0 0 0 0 0 0 0 0 0 0
1770 3 0 0 0 0 31 0 0 0 0 0 0 0 0 12 0 0 119 6 0 31 26 27 0 0 0 0 0 0
1777 6 0 0 0 385 95 0 114 32 223 1 1 1 0 0 0 0 144 40 2 14 24 3 0 0 0 0 0 0
1831 12 0 0 0 21 5 0 3 0 0 0 0 0 0 0 0 0 44 1 0 120 26 0 0 0 0 0 0 0
1985 12 0 0 0 20 36 0 10 6 3 0 0 0 0 0 0 0 110 48 0 0 13 0 0 0 0 0 0 0
1934 9 0 0 12 104 50 0 12 3 7 0 0 0 0 18 1 3 88 5 0 84 8 1 0 0 0 0 0 0
2072 9 0 331 10 865 74 0 32 25 61 1 3 1 0 281 0 0 796 0 2 167 0 0 0 0 0 2 0 2
1815 18 0 13 7 3652 187 0 80 28 32 1 56 20 0 173 0 0 833 106 0 641 89 0 13 3 0 2 0 5
3112 9 0 0 0 6262 1144 0 4 0 2 0 0 3 0 11 0 0 596 8 1 374 13 12 0 0 0 0 0 0
1551 18 0 5 21 13524 384 0 176 46 49 1 16 18 0 18 12 9 193 133 7 255 777 20 0 0 0 0 0 1
1509 6 0 0 21 2121 487 0 171 4 189 1 0 3 0 0 0 0 34 9 1 341 80 5 0 0 0 0 0 0
1638 9 0 0 9 3831 493 0 184 3 25 2 101 9 0 42 2 0 1149 614 4 518 236 2 50 0 1 0 1 0
3017 4 0 0 9 1743 171 0 16 205 141 0 0 4 0 4 4 0 16 10 1 37 37 3 7 2 1 1 0 0
2729 9 0 0 36 2152 447 0 119 58 149 0 0 2 0 44 10 2 338 79 0 963 30 5 5 0 0 0 0 6
1813 9 0 24 0 1462 143 0 169 234 102 0 0 4 0 50 37 0 1143 295 0 832 444 54 5 0 5 3 5 5
1376 12 0 0 42 688 73 0 274 25 55 0 0 28 0 8 4 4 92 55 1 30 11 1 0 0 0 0 0 0
1367 12 0 0 0 11 1 0 5 0 0 0 0 0 0 0 0 0 0 0 0 1 0 0 0 0 0 0 0 0
2453 9 0 0 36 2198 387 0 58 55 15 0 1 2 0 267 7 1 425 122 0 155 2318 216 22 9 0 0 0 2
1180 6 0 0 24 2361 52 0 53 0 0 0 25 15 0 118 16 0 16 20 0 15 28 0 0 0 0 0 0 0
2741 8 0 0 0 5907 294 0 141 36 548 0 0 34 0 567 491 41 1813 740 6 460 945 34 0 0 0 2 0 1
3095 6 0 30 0 11808 911 0 218 5 480 0 2 8 0 50 5 8 1947 109 18 2380 28754 0 0 0 0 0 0 0
1458 6 0 0 15 944 123 0 160 1 14 0 8 1 0 7 3 0 56 26 5 90 60 8 9 10 0 0 0 0
794 21 0 0 21 484 3 0 16 4 5 0 0 0 0 4 16 0 217 93 4 21 2 0 0 0 0 0 0 0
1420 18 0 0 36 136 12 0 26 0 2 0 0 2 0 0 0 0 6 1 0 1 5 0 0 0 0 0 0 0
1331 12 0 0 24 5 4 0 13 0 0 0 1 1 0 12 0 0 71 9 0 8 2 0 4 0 0 0 0 0
840 9 0 0 27 3047 136 0 153 8 12 2 6 19 0 31 1 0 656 101 11 216 81 39 0 0 0 0 0 0
815 9 0 0 36 38 8 0 4 0 0 0 0 0 0 0 0 0 0 0 0 1 1 0 0 0 0 0 0 0
1374 9 0 0 39 20 7 0 24 0 5 0 0 0 0 1 0 0 1 1 0 0 1 0 0 0 0 0 0 0
1143 6 0 0 0 900 29 0 24 0 7 0 4 1 0 5 0 0 205 104 7 150 216 4 0 0 0 2 0 0
1313 6 0 0 0 70 5 0 24 0 3 0 2 5 0 0 0 0 3 0 1 0 0 3 0 0 0 0 0 0
801 18 0 0 21 1251 28 0 3 1 1 0 0 3 0 37 0 1 954 73 2 0 3 1 0 1 0 0 0 0
300 5 0 0 0 640 20 0 41 0 1 0 2 3 0 1 0 0 200 1 0 0 1 0 0 0 0 0 0 0
2133 6 0 0 7 10828 193 0 122 39 40 0 0 20 0 365 49 6 447 165 73 416 388 6 0 0 0 0 0 0
1163 13 0 0 13 10033 183 0 391 0 5 3 7 35 0 435 124 0 784 607 0 54 41 5 0 0 0 0 0 0
541 11 0 0 0 7 1 0 24 0 0 0 0 0 0 0 0 0 0 0 0 0 0 0 0 0 0 0 0 0
1463 18 0 0 14 167 12 0 57 0 0 0 0 1 0 0 2 0 66 6 3 23 12 3 0 0 0 0 0 0
684 9 0 0 18 0 4 0 2 0 2 0 0 1 0 0 0 0 80 0 2 5 3 1 0 0 0 0 0 0
694 5 0 0 12 23 1 0 26 0 0 0 0 2 0 0 0 0 1 0 0 0 1 1 0 0 0 0 0 0
1107 8 0 0 15 673 50 0 41 1 2 0 45 3 0 7 4 0 332 75 6 2 1 1 0 0 0 1 0 0
1064 12 0 0 0 282 57 0 9 7 0 1 0 1 0 0 0 0 126 9 1 0 18 0 0 0 0 0 0 0
1858 9 0 0 36 840 71 0 37 45 56 2 28 1 0 86 3 0 413 72 3 314 380 19 25 8 10 11 9 0
2192 5 0 0 33 211 18 0 18 1 7 1 0 0 0 36 13 1 564 231 4 70 571 13 0 0 0 1 0 2
1364 5 0 384 10 371 78 0 19 2 2 1 3 3 0 190 22 13 452 213 7 131 295 52 0 0 0 0 0 0
2995 12 0 33 0 626 121 0 171 45 29 1 1 8 0 370 0 0 1172 30 0 325 22 3 55 7 0 1 0 10
2307 4 0 21 21 2264 157 0 260 46 51 1 15 5 0 16 25 29 44 167 9 15 98 6 1 0 0 0 0 0
2812 5 0 0 0 22 21 0 23 1 0 0 0 4 0 0 0 0 0 0 0 0 0 1 0 0 0 0 0 0
3068 9 0 0 0 2596 551 0 258 24 477 0 0 24 0 0 0 0 0 0 0 0 0 0 0 0 0 0 0 0
2200 17 0 0 30 995 342 0 91 34 185 0 0 5 0 32 0 0 1003 263 13 324 77 0 0 0 0 2 0 18
2867 7 0 4 0 149 77 0 35 4 0 1 0 1 0 0 0 0 7 1 0 8 8 6 0 1 0 0 0 0
1305 6 0 0 18 512 60 0 74 0 0 3 7 4 0 0 0 0 179 12 0 25 10 6 0 0 0 0 0 0
2030 13 0 137 23 326 32 0 35 20 40 0 0 2 0 89 5 3 254 80 8 213 68 9 0 0 0 0 0 5
1315 18 0 0 30 2310 80 0 228 1 2 0 0 3 0 11 1 0 5 11 0 44 25 0 0 0 0 0 0 0
960 6 0 0 17 30 7 0 37 2 0 0 0 2 0 1 0 0 270 31 1 10 2 5 35 5 0 1 0 0
1884 9 0 0 21 2868 523 0 266 0 19 1 2 2 0 29 55 40 213 136 1 194 724 27 6 0 0 0 0 0
714 9 0 0 0 2 14 0 57 5 5 0 0 2 0 0 0 0 523 9 0 111 1 0 0 0 0 0 0 0
1000 5 0 0 0 719 24 0 38 0 0 0 0 3 0 202 9 0 1478 456 0 322 69 0 0 0 0 0 0 0
2599 6 0 0 36 1469 774 0 37 174 170 0 0 6 0 15 4 8 1310 46 0 174 199 181 0 0 0 0 0 18
10 6 0 0 0 24 40 0 0 0 0 0 0 2 0 0 0 0 0 0 0 0 0 0 0 0 0 0 0 0
2497 6 0 6 24 637 626 0 238 78 79 0 0 6 0 209 21 53 276 62 4 27 49 8 0 0 0 0 0 1
334 18 0 0 0 1561 95 0 53 3 15 0 161 10 0 6 5 0 12 20 0 1 17 5 26 8 0 0 0 0
2528 6 0 71 43 1101 179 0 172 74 303 9 15 81 0 636 156 0 960 186 7 316 147 18 38 6 0 5 0 12
94 7 0 0 36 65 8 0 3 1 1 0 0 1 0 1 0 0 4 0 0 9 0 2 15 6 0 0 0 0
2369 15 0 36 27 6396 479 0 73 13 21 3 2 9 0 50 2 7 25 4 0 1 6 2 0 0 0 0 0 0
1707 6 0 0 12 208 151 0 23 2 12 0 8 65 0 455 15 25 716 122 16 352 232 22 0 0 0 1 0 9
1897 12 0 26 21 503 158 0 75 1 6 0 0 15 0 7 6 9 153 18 6 7 29 4 13 8 0 0 0 0
1260 6 0 0 25 105 155 0 39 0 1 0 0 4 0 0 0 0 3 0 0 32 2 0 0 0 0 0 0 0
2624 9 0 49 9 361 98 0 196 25 52 0 1 23 0 2 0 2 98 11 3 0 19 0 0 0 0 0 0 0
1665 8 0 0 24 3204 35 0 3 0 0 0 0 32 0 16 3 3 330 125 7 55 111 5 0 0 0 0 0 0
1612 12 0 13 21 190 495 0 71 3 1 0 0 11 0 27 0 11 177 5 13 2 0 0 0 0 0 0 0 0
240 21 0 0 15 182 89 0 5 1 0 26 279 2 0 0 0 0 0 4 1 1 3 1 0 0 0 0 0 0
1521 13 0 0 43 1596 1679 0 106 31 316 0 0 22 0 99 0 0 822 180 14 856 108 14 0 0 0 0 0 0
1549 7 0 0 0 95 95 0 0 1 0 0 0 0 0 0 2 0 0 0 0 0 0 0 0 0 0 0 0 0
2625 6 0 0 0 11899 236 0 107 16 97 1 0 8 0 0 0 0 417 168 5 67 32 2 0 0 0 0 0 0
1744 21 0 0 27 942 701 0 232 12 135 0 0 4 0 24 17 14 118 86 2 20 111 4 0 0 0 0 0 0
2239 15 0 12 45 885 264 0 170 40 68 0 0 3 0 13 2 0 512 103 3 88 5 1 0 0 0 0 0 0
2991 9 0 21 10 706 1246 0 158 45 108 0 0 18 0 106 55 113 259 157 11 60 91 45 0 0 0 0 0 6
2878 6 0 24 10 109 79 0 110 19 35 0 0 0 0 2 0 4 423 32 0 1 0 1 0 0 0 0 0 0